2026-09-07 22:00 | AAXX 07221 12342 42960 61302 10131 20105 30090 40192 57015 86030 333 86359 555 6//84=
2026-09-07 21:00 | AAXX 07211 12342 42960 31302 10144 20108 30096 40197 57014 80001 333 83070 555 6//79=
2026-09-07 20:00 | AAXX 07201 12342 42960 61402 10161 20115 30101 40202 57013 86070 333 86360 555 6//74=
2026-09-07 19:00 | AAXX 07191 12342 42960 71402 10161 20113 30105 40206 57014 8707/ 333 87361 555 6//73=
2026-09-07 18:00 | AAXX 07181 12342 42960 71202 10170 20111 30110 40210 57015 8707/ 333 10208 20060 87361 555 6//68=
2026-09-07 17:00 | AAXX 07171 12342 42960 71302 10178 20114 30114 40214 57017 8707/ 333 87360 555 6//66=
2026-09-07 16:00 | AAXX 07161 12342 42960 61402 10186 20107 30119 40219 57018 86030 333 86363 555 6//60=
2026-09-07 15:00 | AAXX 07151 12342 42960 61503 10191 20104 30125 40225 57016 86030 333 86363 555 6//57=
2026-09-07 14:00 | AAXX 07141 12342 42960 61604 10203 20096 30131 40231 57015 86030 333 86365 555 6//50=
2026-09-07 13:00 | AAXX 07131 12342 42960 41604 10205 20091 30137 40237 57013 84030 333 84365 555 6//48=
2026-09-07 12:00 | AAXX 07121 12342 42960 41703 10202 20095 30141 40241 57013 84030 333 84365 555 6//50=
2026-09-07 11:00 | AAXX 07111 12342 42960 51703 10195 20088 30146 40246 57010 85030 333 85364 555 6//50=
2026-09-07 10:00 | AAXX 07101 12342 42960 62003 10186 20089 30150 40250 57005 86030 333 86364 555 6//53=
2026-09-07 09:00 | AAXX 07091 12342 42960 31802 10173 20120 30154 40255 58001 81031 333 81363 83070 555 6//71=
2026-09-07 08:00 | AAXX 07081 12342 42960 51502 10155 20115 30156 40257 52001 83031 333 83366 85070 555 6//77=
2026-09-07 07:00 | AAXX 07071 12342 42960 61602 10139 20114 30155 40257 52002 86030 333 86366 555 6//85=
2026-09-07 06:00 | AAXX 07061 12342 42960 31602 10103 20098 30155 40258 52003 81031 333 10189 20060 555 6//97=
2026-09-07 05:00 | AAXX 07051 12342 42960 31502 10072 20069 30154 40259 57002 81031 555 6//98=
2026-09-07 04:00 | AAXX 07041 12342 41960 11602 10070 20067 30153 40258 57004 71100 81030 555 6//98=
2026-09-07 03:00 | AAXX 07031 12342 44958 01703 10069 20066 30153 40257 58005 710// 555 6//98=
2026-09-07 02:00 | AAXX 07021 12342 44912 01801 10073 20070 30156 40260 58003 710// 555 6//98=
2026-09-07 01:00 | AAXX 07011 12342 44916 01901 10072 20068 30157 40262 50000 710// 555 6//97=
2026-09-07 00:00 | AAXX 07001 12342 16968 02001 10090 20086 30158 40262 50002 60011 333 93001 555 6//97=
2026-09-06 23:00 | AAXX 06231 12342 46982 02401 10098 20090 30159 40262 51005 555 6//95=
